True Track
[[ 1.44977795e+00  7.53858218e-03]
 [ 2.80294366e+00  5.66073125e-02]
 [ 4.15170769e+00  1.47208777e-01]
 [ 5.49666442e+00  2.79254325e-01]
 [ 6.83651571e+00  4.52613652e-01]
 [ 8.16993968e+00  6.67115676e-01]
 [ 9.49562039e+00  9.22548707e-01]
 [ 1.08122496e+01  1.21866066e+00]
 [ 1.21185279e+01  1.55515932e+00]
 [ 1.34131661e+01  1.93171259e+00]
 [ 1.46948867e+01  2.34794887e+00]
 [ 1.59624247e+01  2.80345738e+00]
 [ 1.72145292e+01  3.29778858e+00]
 [ 1.84499645e+01  3.83045463e+00]
 [ 1.96675115e+01  4.40092986e+00]
 [ 2.08659684e+01  5.00865127e+00]
 [ 2.20441527e+01  5.65301912e+00]
 [ 2.32009016e+01  6.33339749e+00]
 [ 2.43350735e+01  7.04911493e+00]
 [ 2.54455490e+01  7.79946512e+00]
 [ 2.65312324e+01  8.58370754e+00]
 [ 2.75910522e+01  9.40106826e+00]
 [ 2.86239624e+01  1.02507406e+01]
 [ 2.96289437e+01  1.11318861e+01]
 [ 3.06050043e+01  1.20436352e+01]
 [ 3.15511810e+01  1.29850880e+01]
 [ 3.24665400e+01  1.39553154e+01]
 [ 3.33501779e+01  1.49533600e+01]
 [ 3.42012227e+01  1.59782368e+01]
 [ 3.50188345e+01  1.70289344e+01]
 [ 3.58022064e+01  1.81044159e+01]
 [ 3.65505654e+01  1.92036199e+01]
 [ 3.72631729e+01  2.03254615e+01]
 [ 3.79393256e+01  2.14688338e+01]
 [ 3.85783563e+01  2.26326083e+01]
 [ 3.91796343e+01  2.38156365e+01]
 [ 3.97425663e+01  2.50167510e+01]
 [ 4.02665966e+01  2.62347662e+01]
 [ 4.07512081e+01  2.74684804e+01]
 [ 4.11959226e+01  2.87166758e+01]
 [ 4.16003012e+01  2.99781206e+01]
 [ 4.19639448e+01  3.12515701e+01]
 [ 4.22864946e+01  3.25357674e+01]
 [ 4.25676322e+01  3.38294452e+01]
 [ 4.28070802e+01  3.51313268e+01]
 [ 4.30046022e+01  3.64401274e+01]
 [ 4.31600034e+01  3.77545554e+01]
 [ 4.32731304e+01  3.90733135e+01]
 [ 4.33438715e+01  4.03951004e+01]
 [ 4.33721570e+01  4.17186116e+01]
 [ 4.33579588e+01  4.30425408e+01]
 [ 4.33012911e+01  4.43655817e+01]
 [ 4.32022097e+01  4.56864285e+01]
 [ 4.30608125e+01  4.70037776e+01]
 [ 4.28772389e+01  4.83163291e+01]
 [ 4.26516702e+01  4.96227876e+01]
 [ 4.23843289e+01  5.09218637e+01]
 [ 4.20754789e+01  5.22122754e+01]
 [ 4.17254250e+01  5.34927494e+01]
 [ 4.13345126e+01  5.47620218e+01]
 [ 4.09031275e+01  5.60188400e+01]
 [ 4.04316955e+01  5.72619638e+01]
 [ 3.99206817e+01  5.84901664e+01]
 [ 3.93705906e+01  5.97022356e+01]
 [ 3.87819649e+01  6.08969752e+01]
 [ 3.81553857e+01  6.20732063e+01]
 [ 3.74914711e+01  6.32297679e+01]
 [ 3.67908765e+01  6.43655188e+01]
 [ 3.60542933e+01  6.54793381e+01]
 [ 3.52824483e+01  6.65701265e+01]
 [ 3.44761032e+01  6.76368076e+01]
 [ 3.36360539e+01  6.86783288e+01]
 [ 3.27631294e+01  6.96936620e+01]
 [ 3.18581912e+01  7.06818055e+01]
 [ 3.09221322e+01  7.16417838e+01]
 [ 2.99558763e+01  7.25726498e+01]
 [ 2.89603771e+01  7.34734847e+01]
 [ 2.79366170e+01  7.43433995e+01]
 [ 2.68856063e+01  7.51815357e+01]
 [ 2.58083822e+01  7.59870662e+01]
 [ 2.47060079e+01  7.67591960e+01]
 [ 2.35795713e+01  7.74971631e+01]
 [ 2.24301839e+01  7.82002392e+01]
 [ 2.12589802e+01  7.88677306e+01]
 [ 2.00671159e+01  7.94989783e+01]
 [ 1.88557673e+01  8.00933595e+01]
 [ 1.76261298e+01  8.06502877e+01]
 [ 1.63794169e+01  8.11692131e+01]
 [ 1.51168590e+01  8.16496236e+01]
 [ 1.38397021e+01  8.20910452e+01]
 [ 1.25492066e+01  8.24930422e+01]
 [ 1.12466461e+01  8.28552180e+01]
 [ 9.93330590e+00  8.31772150e+01]
 [ 8.61048227e+00  8.34587154e+01]
 [ 7.27948062e+00  8.36994416e+01]
 [ 5.94161450e+00  8.38991560e+01]
 [ 4.59820421e+00  8.40576613e+01]
 [ 3.25057555e+00  8.41748013e+01]
 [ 1.90005846e+00  8.42504602e+01]
 [ 5.47985734e-01  8.42845635e+01]
 [-8.04308293e-01  8.42770775e+01]
 [-2.15548907e+00  8.42280096e+01]
 [-3.50422314e+00  8.41374081e+01]
 [-4.84917948e+00  8.40053626e+01]
 [-6.18903076e+00  8.38320032e+01]
 [-7.52245473e+00  8.36175012e+01]
 [-8.84813544e+00  8.33620682e+01]
 [-1.01647646e+01  8.30659562e+01]
 [-1.14710429e+01  8.27294576e+01]
 [-1.27656812e+01  8.23529043e+01]
 [-1.40474017e+01  8.19366680e+01]
 [-1.53149397e+01  8.14811595e+01]
 [-1.65670442e+01  8.09868283e+01]
 [-1.78024796e+01  8.04541623e+01]
 [-1.90200265e+01  7.98836870e+01]
 [-2.02184835e+01  7.92759656e+01]
 [-2.13966678e+01  7.86315978e+01]
 [-2.25534166e+01  7.79512194e+01]
 [-2.36875885e+01  7.72355020e+01]
 [-2.47980641e+01  7.64851518e+01]
 [-2.58837475e+01  7.57009093e+01]
 [-2.69435672e+01  7.48835486e+01]
 [-2.79764775e+01  7.40338763e+01]
 [-2.89814588e+01  7.31527308e+01]
 [-2.99575194e+01  7.22409817e+01]
 [-3.09036961e+01  7.12995289e+01]
 [-3.18190550e+01  7.03293015e+01]
 [-3.27026929e+01  6.93312569e+01]
 [-3.35537377e+01  6.83063801e+01]
 [-3.43713495e+01  6.72556825e+01]
 [-3.51547215e+01  6.61802010e+01]
 [-3.59030805e+01  6.50809970e+01]
 [-3.66156880e+01  6.39591553e+01]
 [-3.72918407e+01  6.28157831e+01]
 [-3.79308714e+01  6.16520086e+01]
 [-3.85321494e+01  6.04689804e+01]
 [-3.90950813e+01  5.92678659e+01]
 [-3.96191116e+01  5.80498506e+01]
 [-4.01037231e+01  5.68161365e+01]
 [-4.05484377e+01  5.55679411e+01]
 [-4.09528163e+01  5.43064962e+01]
 [-4.13164599e+01  5.30330468e+01]
 [-4.16390096e+01  5.17488495e+01]
 [-4.19201472e+01  5.04551716e+01]
 [-4.21595952e+01  4.91532900e+01]
 [-4.23571173e+01  4.78444894e+01]
 [-4.25125185e+01  4.65300615e+01]
 [-4.26256454e+01  4.52113033e+01]
 [-4.26963866e+01  4.38895165e+01]
 [-4.27246720e+01  4.25660053e+01]
 [-4.27104739e+01  4.12420760e+01]
 [-4.26538061e+01  3.99190352e+01]
 [-4.25547248e+01  3.85981884e+01]
 [-4.24133275e+01  3.72808392e+01]
 [-4.22297540e+01  3.59682878e+01]
 [-4.20041852e+01  3.46618293e+01]
 [-4.17368439e+01  3.33627532e+01]
 [-4.14279939e+01  3.20723414e+01]
 [-4.10779400e+01  3.07918675e+01]
 [-4.06870276e+01  2.95225951e+01]
 [-4.02556425e+01  2.82657768e+01]
 [-3.97842105e+01  2.70226530e+01]
 [-3.92731968e+01  2.57944505e+01]
 [-3.87231056e+01  2.45823813e+01]
 [-3.81344800e+01  2.33876417e+01]
 [-3.75079007e+01  2.22114106e+01]
 [-3.68439862e+01  2.10548490e+01]
 [-3.61433916e+01  1.99190981e+01]
 [-3.54068083e+01  1.88052788e+01]
 [-3.46349633e+01  1.77144904e+01]
 [-3.38286183e+01  1.66478093e+01]
 [-3.29885690e+01  1.56062881e+01]
 [-3.21156445e+01  1.45909548e+01]
 [-3.12107062e+01  1.36028114e+01]
 [-3.02746473e+01  1.26428330e+01]
 [-2.93083914e+01  1.17119671e+01]
 [-2.83128922e+01  1.08111322e+01]
 [-2.72891320e+01  9.94121738e+00]
 [-2.62381213e+01  9.10308116e+00]
 [-2.51608973e+01  8.29755068e+00]
 [-2.40585230e+01  7.52542088e+00]
 [-2.29320863e+01  6.78745377e+00]
 [-2.17826990e+01  6.08437764e+00]
 [-2.06114952e+01  5.41688633e+00]
 [-1.94196309e+01  4.78563858e+00]
 [-1.82082823e+01  4.19125735e+00]
 [-1.69786448e+01  3.63432922e+00]
 [-1.57319320e+01  3.11540383e+00]
 [-1.44693741e+01  2.63499327e+00]
 [-1.31922172e+01  2.19357167e+00]
 [-1.19017217e+01  1.79157465e+00]
 [-1.05991611e+01  1.42939892e+00]
 [-9.28582095e+00  1.10740193e+00]
 [-7.96299731e+00  8.25901434e-01]
 [-6.63199567e+00  5.85175243e-01]
 [-5.29412954e+00  3.85460926e-01]
 [-3.95071926e+00  2.26955575e-01]
 [-2.60309060e+00  1.09815618e-01]
 [-1.25257351e+00  3.41566562e-02]
 [ 9.94992168e-02  5.33565075e-05]]

Observed Track 1
[[ 2.05198923e+00 -1.18850629e+00]
 [ 3.36358628e+00  3.89313998e-01]
 [ 4.41012073e+00  3.57811200e-01]
 [ 4.58358726e+00  5.33598499e-01]
 [ 7.20331944e+00  5.06055971e-01]
 [ 7.80982720e+00 -6.91644571e-01]
 [ 9.28602002e+00  2.22415492e+00]
 [ 1.00975258e+01  6.13278115e-01]
 [ 1.24258658e+01  3.89386878e+00]
 [ 1.15644340e+01  2.07553814e+00]
 [ 1.36909279e+01  2.29643202e+00]
 [ 1.69408021e+01  2.11618328e+00]
 [ 1.70186528e+01  2.84365837e+00]
 [ 1.66273666e+01  3.94817872e+00]
 [ 2.07620169e+01  4.09483326e+00]
 [ 2.04547670e+01  5.42296571e+00]
 [ 2.17978066e+01  5.65913900e+00]
 [ 2.39842462e+01  5.96673162e+00]
 [ 2.43168067e+01  7.66181344e+00]
 [ 2.44510899e+01  6.37231109e+00]
 [ 2.66269695e+01  8.98896494e+00]
 [ 2.71631698e+01  9.41868710e+00]
 [ 2.62192162e+01  1.06961668e+01]
 [ 2.89663151e+01  1.08338852e+01]
 [ 2.99878813e+01  1.03353793e+01]
 [ 3.36360143e+01  1.46272610e+01]
 [ 3.09106410e+01  1.42133985e+01]
 [ 3.45105369e+01  1.57701465e+01]
 [ 3.45676945e+01  1.77053557e+01]
 [ 3.54698568e+01  1.67906117e+01]
 [ 3.71165953e+01  1.86831927e+01]
 [ 3.73893920e+01  2.02355586e+01]
 [ 3.81218233e+01  2.02200600e+01]
 [ 3.86851631e+01  2.13814497e+01]
 [ 3.78421121e+01  2.33549781e+01]
 [ 3.83631613e+01  2.39693488e+01]
 [ 3.94081855e+01  2.46297015e+01]
 [ 4.01967256e+01  2.60226851e+01]
 [ 4.06669225e+01  2.65043765e+01]
 [ 4.14908186e+01  2.64351141e+01]
 [ 4.41053966e+01  2.94494587e+01]
 [ 4.24045084e+01  3.03472159e+01]
 [ 4.00711179e+01  3.17133911e+01]
 [ 4.17917046e+01  3.47678562e+01]
 [ 4.32708224e+01  3.63710867e+01]
 [ 4.37516736e+01  3.73554435e+01]
 [ 4.35809023e+01  3.65591300e+01]
 [ 4.25506315e+01  3.99093192e+01]
 [ 4.25273302e+01  4.09195650e+01]
 [ 4.52849393e+01  4.08303547e+01]
 [ 4.53412564e+01  4.21189986e+01]
 [ 4.36591975e+01  4.52004767e+01]
 [ 4.32518675e+01  4.80425683e+01]
 [ 4.21986378e+01  4.59899625e+01]
 [ 4.51533901e+01  4.85908242e+01]
 [ 4.23447392e+01  4.90727691e+01]
 [ 4.26601731e+01  5.19778965e+01]
 [ 4.26720439e+01  5.30449653e+01]
 [ 4.20088898e+01  5.56421750e+01]
 [ 4.24898072e+01  5.53275017e+01]
 [ 4.06762123e+01  5.44127277e+01]
 [ 3.79289552e+01  5.67228197e+01]
 [ 4.09417045e+01  5.83770460e+01]
 [ 3.79332023e+01  6.03081793e+01]
 [ 3.75383672e+01  6.10209522e+01]
 [ 3.92329803e+01  6.15812824e+01]
 [ 3.80506129e+01  6.28830751e+01]
 [ 3.73799533e+01  6.38101390e+01]
 [ 3.64780992e+01  6.60183855e+01]
 [ 3.53045984e+01  6.72253000e+01]
 [ 3.52906146e+01  6.74362612e+01]
 [ 3.22727538e+01  6.94953632e+01]
 [ 3.24008139e+01  6.88681437e+01]
 [ 3.10268294e+01  6.95542275e+01]
 [ 3.29351504e+01  7.26349472e+01]
 [ 3.06140950e+01  7.32425481e+01]
 [ 3.02576821e+01  7.41701146e+01]
 [ 2.70008307e+01  7.47021248e+01]
 [ 2.69954256e+01  7.55383529e+01]
 [ 2.61452323e+01  7.69525056e+01]
 [ 2.62524529e+01  7.67857326e+01]
 [ 2.34670802e+01  7.79918039e+01]
 [ 2.26203365e+01  7.68648892e+01]
 [ 2.17623844e+01  8.00056481e+01]
 [ 2.08956812e+01  7.96227534e+01]
 [ 2.02434799e+01  7.84013004e+01]
 [ 1.74615596e+01  8.12324054e+01]
 [ 1.56347297e+01  8.07978018e+01]
 [ 1.63545567e+01  8.13976891e+01]
 [ 1.38088369e+01  8.17088395e+01]
 [ 1.13400637e+01  8.15148981e+01]
 [ 1.16396387e+01  8.19958407e+01]
 [ 8.73570657e+00  8.32844050e+01]
 [ 8.95518288e+00  8.41631031e+01]
 [ 7.58241874e+00  8.35921562e+01]
 [ 7.18450760e+00  8.40844826e+01]
 [ 5.87037749e+00  8.37836051e+01]
 [ 2.96220596e+00  8.38549382e+01]
 [ 2.50189170e+00  8.30181588e+01]
 [ 9.01120793e-01  8.54303063e+01]
 [-1.75555619e+00  8.59788007e+01]
 [-3.86168858e+00  8.41944218e+01]
 [-5.04147993e+00  8.53066904e+01]
 [-2.71223532e+00  8.47567744e+01]
 [-7.24591843e+00  8.22391425e+01]
 [-8.38302180e+00  8.39243038e+01]
 [-7.92143746e+00  8.30929668e+01]
 [-9.49323610e+00  8.33907912e+01]
 [-1.14733257e+01  8.34467308e+01]
 [-1.29357343e+01  8.40424762e+01]
 [-1.37812434e+01  7.88056540e+01]
 [-1.48069940e+01  7.98519914e+01]
 [-1.67741435e+01  8.32406298e+01]
 [-1.88046457e+01  8.11715605e+01]
 [-1.88523640e+01  8.10430812e+01]
 [-2.13089716e+01  7.85242026e+01]
 [-2.05054134e+01  7.80535677e+01]
 [-2.08402282e+01  7.66607772e+01]
 [-2.51946849e+01  7.67841762e+01]
 [-2.47265517e+01  7.70742879e+01]
 [-2.63710608e+01  7.64549271e+01]
 [-2.53350517e+01  7.65416346e+01]
 [-2.95882470e+01  7.31151018e+01]
 [-2.92917701e+01  7.25756357e+01]
 [-2.97932971e+01  7.16224418e+01]
 [-3.04069633e+01  7.12594759e+01]
 [-3.21871339e+01  7.02911868e+01]
 [-3.21054867e+01  6.91689450e+01]
 [-3.30159938e+01  6.87634263e+01]
 [-3.40349080e+01  6.67988737e+01]
 [-3.53459563e+01  6.76115386e+01]
 [-3.56886919e+01  6.46679152e+01]
 [-3.48649600e+01  6.40510265e+01]
 [-3.94158018e+01  6.22198154e+01]
 [-3.84862563e+01  6.28796610e+01]
 [-3.98821323e+01  6.14956495e+01]
 [-3.90519370e+01  5.89414575e+01]
 [-3.98920632e+01  5.62800880e+01]
 [-4.19144218e+01  5.64109928e+01]
 [-4.09558491e+01  5.44140252e+01]
 [-4.16191031e+01  5.56600409e+01]
 [-4.08939860e+01  5.40832470e+01]
 [-3.99758322e+01  5.08713488e+01]
 [-4.10011140e+01  5.15225922e+01]
 [-4.20180238e+01  4.74821316e+01]
 [-4.18115462e+01  4.79439126e+01]
 [-4.24123690e+01  4.54863697e+01]
 [-4.24716211e+01  4.56513580e+01]
 [-4.30707422e+01  4.42180424e+01]
 [-4.20696499e+01  4.30279415e+01]
 [-4.32676469e+01  4.09076897e+01]
 [-4.12596648e+01  4.01059389e+01]
 [-4.10286876e+01  3.82356516e+01]
 [-4.20095925e+01  3.64123311e+01]
 [-4.51670529e+01  3.62034287e+01]
 [-4.08791414e+01  3.30437716e+01]
 [-4.02600483e+01  3.34931378e+01]
 [-4.30791807e+01  3.17005796e+01]
 [-4.17870942e+01  3.01871082e+01]
 [-4.13748635e+01  2.95223612e+01]
 [-4.09576520e+01  2.87035993e+01]
 [-3.95354630e+01  2.57631477e+01]
 [-3.90972553e+01  2.49239964e+01]
 [-3.97265846e+01  2.44636861e+01]
 [-3.84198423e+01  2.28027030e+01]
 [-3.70044581e+01  2.13569012e+01]
 [-3.70860999e+01  2.16034060e+01]
 [-3.89634013e+01  1.81989043e+01]
 [-3.39018857e+01  1.72684403e+01]
 [-3.50084248e+01  1.81556156e+01]
 [-3.34245337e+01  1.78446404e+01]
 [-3.25027443e+01  1.62244414e+01]
 [-3.14088462e+01  1.37916006e+01]
 [-3.24849410e+01  1.52539493e+01]
 [-2.95946927e+01  1.23884521e+01]
 [-2.84032450e+01  1.04533040e+01]
 [-2.72786791e+01  1.15110894e+01]
 [-2.78016778e+01  1.03071431e+01]
 [-2.67282337e+01  8.44803675e+00]
 [-2.63342291e+01  8.17030311e+00]
 [-2.47953228e+01  8.24353564e+00]
 [-2.29142579e+01  6.59508227e+00]
 [-2.27903341e+01  8.50221620e+00]
 [-2.11402975e+01  7.12170277e+00]
 [-2.02972135e+01  4.90481995e+00]
 [-1.93893060e+01  3.15565600e+00]
 [-1.75987639e+01  5.12497500e+00]
 [-1.56973492e+01  4.26328598e+00]
 [-1.43274386e+01  3.28930819e+00]
 [-1.56279784e+01  3.39815507e+00]
 [-1.13245518e+01  3.51510702e+00]
 [-1.02910713e+01  3.42226704e+00]
 [-1.16059033e+01  1.08271076e+00]
 [-7.26184360e+00  5.08680884e-01]
 [-7.79426289e+00  7.11972146e-01]
 [-5.05848697e+00  6.37188975e-01]
 [-2.76584993e+00 -2.35056701e-02]
 [-3.71340399e+00 -2.48959405e+00]
 [-2.16769145e+00  4.50164104e-02]
 [-7.47897265e-01 -1.11957944e+00]]

Observed Track 2
[[  1.79465864  -1.10329464]
 [  2.27334384   0.48298804]
 [  3.85934519  -0.58796507]
 [  4.56382509  -0.38154582]
 [  7.72931902   0.24883861]
 [  9.7936616    0.6553471 ]
 [  9.82344312   0.64561845]
 [ 10.59612814   1.9707338 ]
 [ 12.43120052   2.35957286]
 [ 13.17835765   2.83110977]
 [ 14.81871976   3.06508586]
 [ 15.72390488   3.52807836]
 [ 16.16232468   1.83688526]
 [ 20.77768198   4.77308554]
 [ 20.29932556   1.67695283]
 [ 22.09903477   3.62371736]
 [ 20.84145387   6.76865345]
 [ 23.27641602   6.58367177]
 [ 23.73488521   7.38306498]
 [ 24.77375266   7.25896076]
 [ 26.54920302   9.21872028]
 [ 27.61932944  11.820104  ]
 [ 29.70301311  10.94415771]
 [ 30.59436613  11.17500176]
 [ 31.1357341   12.95130653]
 [ 31.1383772   13.67182042]
 [ 32.56381177  14.28303054]
 [ 33.70509756  15.37446973]
 [ 33.85920503  15.11013166]
 [ 34.17211891  15.92624012]
 [ 36.17673201  17.40765574]
 [ 37.09286052  18.71962197]
 [ 35.7480953   20.44721202]
 [ 38.52338991  22.54520834]
 [ 37.89140764  22.44260427]
 [ 38.70765648  25.4683985 ]
 [ 39.3274817   24.66590623]
 [ 39.33599538  25.7089057 ]
 [ 40.65735668  25.85968398]
 [ 40.58085911  29.92778895]
 [ 41.43009642  30.81799494]
 [ 42.59594754  30.04280589]
 [ 42.83312628  32.31395581]
 [ 42.32813082  33.27228334]
 [ 40.52977098  32.35781815]
 [ 42.82452015  35.24252904]
 [ 44.35173805  38.64704212]
 [ 44.12590464  41.37397261]
 [ 43.53262348  39.12793799]
 [ 42.79726111  41.6623134 ]
 [ 43.18854746  43.39329388]
 [ 42.12958066  46.57939048]
 [ 42.84243783  43.41630205]
 [ 44.43663865  46.24592274]
 [ 44.79292877  49.99497147]
 [ 44.09385565  48.79827079]
 [ 41.33711124  50.58335973]
 [ 41.68526851  52.22802368]
 [ 42.19766947  53.80028861]
 [ 41.16328566  55.94260871]
 [ 42.37266221  57.2322504 ]
 [ 38.96310468  57.9617625 ]
 [ 38.20358167  59.92974864]
 [ 40.05492139  60.02940571]
 [ 37.96066172  60.60778373]
 [ 37.94619564  63.99974866]
 [ 40.9078932   63.95400776]
 [ 37.82803509  65.84503349]
 [ 35.21773332  64.50797106]
 [ 35.25918068  66.91677275]
 [ 35.32119263  68.29207192]
 [ 31.77382116  66.83387241]
 [ 32.03028688  68.79815434]
 [ 33.36273876  67.65302872]
 [ 29.83784559  73.65642701]
 [ 29.97555369  71.29619002]
 [ 28.85763383  75.2404801 ]
 [ 27.42452073  75.08024072]
 [ 28.0393665   73.91608519]
 [ 25.64728597  75.97208217]
 [ 24.77282556  77.01861782]
 [ 23.49208829  78.04587422]
 [ 22.94486991  78.30358049]
 [ 22.2613466   76.8049576 ]
 [ 20.75388651  79.836061  ]
 [ 20.24058962  79.75201517]
 [ 18.29689462  81.65775971]
 [ 16.44947501  82.46584622]
 [ 14.4769149   82.210812  ]
 [ 11.79870873  82.37570489]
 [ 13.31140381  84.13261344]
 [ 12.31781811  84.5159956 ]
 [  8.68187018  83.93777317]
 [  8.92811379  85.0413549 ]
 [  6.75698778  84.95871014]
 [  6.57966663  83.50947155]
 [  6.53399339  83.46682031]
 [  3.05513657  83.80728825]
 [  2.11875302  85.42893129]
 [  1.62976148  85.07278388]
 [ -2.51552664  84.43255816]
 [ -2.43059233  84.35982025]
 [ -2.58828948  82.92657823]
 [ -4.67766007  83.87016689]
 [ -6.75462723  83.94057096]
 [ -6.05316812  83.25941397]
 [ -9.00349117  83.17385805]
 [ -9.88588143  82.79247441]
 [-11.65262718  81.80341208]
 [-14.57192837  82.15066724]
 [-10.97176653  82.26187292]
 [-16.95523877  82.94445971]
 [-15.82302363  81.37365807]
 [-19.33859276  80.65750683]
 [-19.85477092  77.98073947]
 [-19.32886203  80.07792666]
 [-22.34033086  78.07425005]
 [-23.43716526  78.2366027 ]
 [-23.42761331  75.34681444]
 [-26.61824175  76.75735223]
 [-27.81688212  75.15685678]
 [-27.96359429  75.38708914]
 [-28.62043481  75.66803628]
 [-29.17004412  72.72231088]
 [-29.76068595  72.14616057]
 [-30.68429032  71.66764476]
 [-32.71062072  70.48653498]
 [-33.61598303  69.97203703]
 [-33.53158291  68.05490927]
 [-35.56330776  66.8344362 ]
 [-34.68558748  67.33229336]
 [-35.0313498   65.94493178]
 [-36.61838592  63.81072558]
 [-36.2434107   63.21256268]
 [-36.06390137  62.0982626 ]
 [-39.29684331  59.10605592]
 [-37.39407182  59.05285059]
 [-39.54041773  57.05360896]
 [-39.87470963  57.87101257]
 [-40.65072589  53.73638875]
 [-40.53861188  53.89635321]
 [-41.13537538  53.79546734]
 [-41.70082012  51.74798412]
 [-42.33827519  50.61512291]
 [-42.91288375  49.87575548]
 [-40.71785536  49.14768082]
 [-43.59435276  46.95540522]
 [-41.50669613  44.95599085]
 [-42.86475376  43.60492973]
 [-43.33186038  42.19009984]
 [-43.19552372  40.30961278]
 [-42.17900526  39.46265367]
 [-43.2989637   38.13020354]
 [-43.90765287  36.7680609 ]
 [-42.57921804  37.59187826]
 [-41.17953072  34.66810359]
 [-41.64748022  32.85856524]
 [-40.68503997  32.21915904]
 [-40.05561874  31.89803886]
 [-40.67876502  30.00726895]
 [-39.61669365  26.96119771]
 [-38.98387427  24.97273824]
 [-37.77019822  24.56886652]
 [-37.63936595  23.66518087]
 [-38.15887678  23.44675573]
 [-39.53112544  24.06080153]
 [-38.88422061  19.73492579]
 [-34.91304253  21.0239703 ]
 [-34.52222344  18.05402196]
 [-37.10495337  17.99239379]
 [-33.95001031  18.8743031 ]
 [-32.2119087   16.33458488]
 [-31.89479468  14.3161844 ]
 [-32.03453884  15.13890503]
 [-30.83463406  12.61645608]
 [-31.83441691  10.71437206]
 [-28.64267641  11.38979001]
 [-26.93913609  11.1714467 ]
 [-27.18680978  10.89166319]
 [-26.40397523   9.00159891]
 [-26.08159694   8.90176533]
 [-23.81281173   5.9967871 ]
 [-20.89608237   5.11456854]
 [-23.80358735   5.84207743]
 [-17.90269125   6.06749299]
 [-18.76721798   4.370604  ]
 [-16.6368562    2.33946392]
 [-14.21227393   2.75028187]
 [-13.65129751   1.53131301]
 [-14.43787151   2.93259374]
 [-12.27797557   3.21838094]
 [ -9.79305456   0.99700103]
 [ -9.67144501   0.83135581]
 [ -8.30514273   1.13178453]
 [ -7.54467881   0.86250027]
 [ -7.48963558   0.30928616]
 [ -2.19261524   0.76838435]
 [ -1.63087055   0.41721093]
 [ -2.64194598   1.23645731]
 [ -1.78608631  -0.46862099]]

Observed Track 3
[[ 1.65043397e+00  3.28449872e-01]
 [ 3.92891380e+00  2.36791071e+00]
 [ 3.27159708e+00  2.32489154e+00]
 [ 3.17220936e+00  2.43028501e+00]
 [ 7.63918779e+00  2.83152759e-01]
 [ 9.65200733e+00  1.08379074e+00]
 [ 8.76830207e+00  2.18224591e+00]
 [ 1.06154418e+01  1.75131403e+00]
 [ 1.20990121e+01  9.38939284e-01]
 [ 1.23635805e+01  3.93830738e+00]
 [ 1.46638540e+01  9.93086473e-01]
 [ 1.42797085e+01  2.03422550e+00]
 [ 1.61296930e+01  2.41541349e+00]
 [ 1.88138873e+01  2.93666033e+00]
 [ 2.03612726e+01  2.93007348e+00]
 [ 1.91742618e+01  3.98296490e+00]
 [ 2.24687663e+01  5.63558977e+00]
 [ 2.26574614e+01  5.07304002e+00]
 [ 2.48309550e+01  6.97478974e+00]
 [ 2.78396370e+01  8.97237770e+00]
 [ 2.63488607e+01  8.29192547e+00]
 [ 2.75227287e+01  6.96793912e+00]
 [ 3.01899170e+01  9.38101133e+00]
 [ 2.79450766e+01  1.17175157e+01]
 [ 3.00743034e+01  1.22639703e+01]
 [ 3.09556525e+01  1.36482751e+01]
 [ 3.20899290e+01  1.24128497e+01]
 [ 3.42799161e+01  1.49925577e+01]
 [ 3.43889452e+01  1.39159300e+01]
 [ 3.46322461e+01  1.64763183e+01]
 [ 3.78607018e+01  1.91428240e+01]
 [ 3.47052184e+01  2.00756424e+01]
 [ 3.89585244e+01  2.08773459e+01]
 [ 3.85139063e+01  2.07619163e+01]
 [ 3.80760967e+01  2.32125048e+01]
 [ 3.92887510e+01  2.45247275e+01]
 [ 3.99860646e+01  2.42843533e+01]
 [ 4.06507501e+01  2.54871583e+01]
 [ 4.20356992e+01  2.62006159e+01]
 [ 4.23468846e+01  2.87545444e+01]
 [ 4.16846714e+01  2.98417021e+01]
 [ 4.23998951e+01  2.98376781e+01]
 [ 4.18402113e+01  3.22867155e+01]
 [ 4.22337572e+01  3.39184659e+01]
 [ 4.25957312e+01  3.58968121e+01]
 [ 4.19257978e+01  3.68288697e+01]
 [ 4.44617583e+01  3.87542714e+01]
 [ 4.32621450e+01  3.70801037e+01]
 [ 4.21939711e+01  4.02093267e+01]
 [ 4.48798315e+01  4.10791473e+01]
 [ 4.20079003e+01  4.35377122e+01]
 [ 4.40005909e+01  4.51959046e+01]
 [ 4.34704718e+01  4.71232071e+01]
 [ 4.31067376e+01  4.87468913e+01]
 [ 4.24117734e+01  4.78273127e+01]
 [ 4.29054501e+01  4.93018267e+01]
 [ 4.24880002e+01  5.06512498e+01]
 [ 4.23853858e+01  5.29662018e+01]
 [ 4.12923334e+01  5.30656047e+01]
 [ 4.16609942e+01  5.50666696e+01]
 [ 3.95675657e+01  5.67339721e+01]
 [ 3.94890279e+01  5.81084283e+01]
 [ 4.03204623e+01  5.77703802e+01]
 [ 3.95342821e+01  6.02514778e+01]
 [ 3.94509741e+01  6.18047763e+01]
 [ 3.86009695e+01  6.45549496e+01]
 [ 3.68427370e+01  6.40262422e+01]
 [ 3.83624804e+01  6.42867134e+01]
 [ 3.67347373e+01  6.66874796e+01]
 [ 3.68544753e+01  6.71468236e+01]
 [ 3.24322053e+01  6.81737773e+01]
 [ 3.44915488e+01  6.82252990e+01]
 [ 3.23781033e+01  6.90836679e+01]
 [ 3.32454149e+01  7.14946793e+01]
 [ 3.11659319e+01  7.34710331e+01]
 [ 3.08209875e+01  7.28104301e+01]
 [ 2.98395076e+01  7.35479432e+01]
 [ 2.73862149e+01  7.36585057e+01]
 [ 2.75408124e+01  7.57857629e+01]
 [ 2.50955417e+01  7.62837547e+01]
 [ 2.53419711e+01  7.54754729e+01]
 [ 2.25723035e+01  7.79902820e+01]
 [ 2.17186256e+01  7.82235513e+01]
 [ 2.12868937e+01  7.90344169e+01]
 [ 2.10880512e+01  7.98085086e+01]
 [ 1.87235294e+01  7.79205805e+01]
 [ 1.84897467e+01  8.01384911e+01]
 [ 1.63825134e+01  8.05272787e+01]
 [ 1.60466876e+01  8.24685254e+01]
 [ 1.24347611e+01  8.25947595e+01]
 [ 1.20383562e+01  8.09537449e+01]
 [ 1.16038988e+01  8.40086086e+01]
 [ 9.25176244e+00  8.28164394e+01]
 [ 7.55448745e+00  8.41051157e+01]
 [ 6.42162625e+00  8.51022802e+01]
 [ 5.22950561e+00  8.39250065e+01]
 [ 4.27639373e+00  8.55264235e+01]
 [ 1.99707574e+00  8.51616344e+01]
 [ 8.97906559e-01  8.37669822e+01]
 [ 1.92985545e+00  8.45491873e+01]
 [-4.01158905e-01  8.50018401e+01]
 [-2.09176014e+00  8.36343747e+01]
 [-2.77736418e+00  8.49303727e+01]
 [-6.29213212e+00  8.33615319e+01]
 [-6.22732540e+00  8.31265685e+01]
 [-7.41336710e+00  8.52527609e+01]
 [-9.29561105e+00  8.41661980e+01]
 [-1.03108513e+01  8.35540632e+01]
 [-1.16281588e+01  8.30473694e+01]
 [-1.36540778e+01  8.22793442e+01]
 [-1.38625951e+01  8.15936391e+01]
 [-1.53169349e+01  8.13001743e+01]
 [-1.55647991e+01  8.11917566e+01]
 [-1.84694819e+01  8.04981447e+01]
 [-1.99716576e+01  7.89926169e+01]
 [-2.06017527e+01  7.97404148e+01]
 [-2.40818373e+01  7.85801879e+01]
 [-2.13325061e+01  7.95170651e+01]
 [-2.22786583e+01  7.71021941e+01]
 [-2.47210763e+01  7.62098652e+01]
 [-2.51170537e+01  7.71985972e+01]
 [-2.81406639e+01  7.50977512e+01]
 [-2.96357009e+01  7.29742740e+01]
 [-2.67207559e+01  7.17938636e+01]
 [-2.80979743e+01  7.12230085e+01]
 [-3.22811825e+01  7.18217281e+01]
 [-3.25403833e+01  7.04215080e+01]
 [-3.34413990e+01  6.87552146e+01]
 [-3.34704236e+01  6.87707660e+01]
 [-3.38107830e+01  6.75150637e+01]
 [-3.59928823e+01  6.61759508e+01]
 [-3.66088850e+01  6.62221124e+01]
 [-3.55727790e+01  6.38516424e+01]
 [-3.89719852e+01  6.39216056e+01]
 [-3.84318458e+01  6.19737469e+01]
 [-3.97290012e+01  6.13672953e+01]
 [-4.00420467e+01  5.77920661e+01]
 [-3.73163408e+01  5.70158903e+01]
 [-3.86085101e+01  5.68264714e+01]
 [-3.95829106e+01  5.68221072e+01]
 [-4.23599769e+01  5.43410616e+01]
 [-3.95893592e+01  5.26385283e+01]
 [-4.15504172e+01  5.09996940e+01]
 [-4.03027493e+01  4.99135082e+01]
 [-4.37632536e+01  5.05314453e+01]
 [-4.13880193e+01  4.61253776e+01]
 [-4.17871714e+01  4.89170778e+01]
 [-4.41260446e+01  4.57818015e+01]
 [-4.25204087e+01  4.34006885e+01]
 [-4.32446547e+01  4.11595932e+01]
 [-4.38618888e+01  4.11089834e+01]
 [-4.32062154e+01  4.08281732e+01]
 [-4.25038152e+01  3.75682019e+01]
 [-4.22793973e+01  3.78618393e+01]
 [-4.23435619e+01  3.66298142e+01]
 [-4.33106203e+01  3.38371187e+01]
 [-4.22208337e+01  3.38974692e+01]
 [-4.02029850e+01  3.32794415e+01]
 [-4.09861917e+01  3.10183967e+01]
 [-4.13389387e+01  3.13068342e+01]
 [-4.00743892e+01  2.83540583e+01]
 [-4.05524221e+01  2.73331557e+01]
 [-3.96918451e+01  2.39986050e+01]
 [-4.03351683e+01  2.39691877e+01]
 [-3.94859539e+01  2.34557675e+01]
 [-3.77829748e+01  2.09530393e+01]
 [-3.41926538e+01  2.07808567e+01]
 [-3.48481242e+01  2.02647679e+01]
 [-3.47289585e+01  1.81732352e+01]
 [-3.49101638e+01  1.77361709e+01]
 [-3.50935489e+01  1.57554478e+01]
 [-3.28853529e+01  1.60991297e+01]
 [-3.06708360e+01  1.40517858e+01]
 [-2.99606662e+01  1.41713447e+01]
 [-3.06905904e+01  1.29931369e+01]
 [-2.86141902e+01  1.17998274e+01]
 [-2.75944213e+01  9.94654445e+00]
 [-2.53781994e+01  9.23534969e+00]
 [-2.62621831e+01  9.50953263e+00]
 [-2.68695395e+01  9.43128446e+00]
 [-2.46339985e+01  7.90046101e+00]
 [-2.44947025e+01  6.57917060e+00]
 [-2.01205871e+01  7.12628172e+00]
 [-2.14651144e+01  4.84637684e+00]
 [-1.93982146e+01  4.14905290e+00]
 [-1.68116493e+01  2.19668452e+00]
 [-1.71944729e+01  4.27676787e+00]
 [-1.73458002e+01  4.61310700e+00]
 [-1.45109318e+01  2.28390058e+00]
 [-1.33898928e+01  2.46468128e+00]
 [-1.22925506e+01  1.47923049e+00]
 [-7.90504201e+00  2.86276623e+00]
 [-8.46221442e+00  9.28587149e-01]
 [-7.67750360e+00  2.46591535e+00]
 [-6.78373603e+00  9.03364416e-01]
 [-7.27700596e+00 -8.13052291e-01]
 [-3.37597537e+00 -1.05670264e+00]
 [-2.43003686e+00  1.02803985e+00]
 [-6.16152904e-01  1.74234616e-01]
 [-2.86261187e-02 -1.05748588e+00]]

[[[ 1.44977795e+00  7.53858218e-03]
  [ 2.80294366e+00  5.66073125e-02]
  [ 4.15170769e+00  1.47208777e-01]
  ...
  [-2.60309060e+00  1.09815618e-01]
  [-1.25257351e+00  3.41566562e-02]
  [ 9.94992168e-02  5.33565075e-05]]

 [[ 2.05198923e+00 -1.18850629e+00]
  [ 3.36358628e+00  3.89313998e-01]
  [ 4.41012073e+00  3.57811200e-01]
  ...
  [-3.71340399e+00 -2.48959405e+00]
  [-2.16769145e+00  4.50164104e-02]
  [-7.47897265e-01 -1.11957944e+00]]

 [[ 1.79465864e+00 -1.10329464e+00]
  [ 2.27334384e+00  4.82988037e-01]
  [ 3.85934519e+00 -5.87965067e-01]
  ...
  [-1.63087055e+00  4.17210928e-01]
  [-2.64194598e+00  1.23645731e+00]
  [-1.78608631e+00 -4.68620991e-01]]

 [[ 1.65043397e+00  3.28449872e-01]
  [ 3.92891380e+00  2.36791071e+00]
  [ 3.27159708e+00  2.32489154e+00]
  ...
  [-2.43003686e+00  1.02803985e+00]
  [-6.16152904e-01  1.74234616e-01]
  [-2.86261187e-02 -1.05748588e+00]]]